faces_badchans = [1 3 19 25 27 49 51 59 67 64 65];
objects_badchans = [1 2 3 12 19 25 28 30 48 50 51 67 70 64 65];
features_badchans = [2 3 4 5 12 18 19 25 49 51 58 67 64 65];